# Сделки Первой линии, исключённые из автозакрытия (close_stale_leads.py).
# Разовый список от 03.08.2026 — старый застрявший хвост, разбирается вручную.
# По одному id в строке. Строки с # игнорируются.
30957421
31199893
31208085
30686953
31159119
31332113
31327957
30650279
31380223
31105909
31538797
31537923
31536669
31539081
31539065
31538575
31539301
30707775
31534583
31536413
31536417
31537103
31538911
31539615
31536153
31538209
31534097
31534915
31536275
31538529
31534777
31539339
31544517
31415846
31184731
31384780
31170825
31170969
31184687
31194499
31197307
31201315
31201401
31204185
31204267
31212709
31213713
31214131
31215519
31216731
31222733
31222979
31228275
31228515
31229489
31233011
31237905
31262519
31272775
31286839
31213381
31295313
31317751
31321391
31318253
31351852
31357324
31482625
31298675
31539547
30986879
31446580
31429624
31429564
31357656
31302361
31267559
31240253
31351088
31351618
31353034
31376113
31380773
31383642
31390718
31413716
31011481
31484969
31489055
31511679
31441830
31488775
31411318
31244263
31540031
31478699
31426996
31353496
